Epoch:0,Train_loss:0.7492948869864146,Train_acc:0.56125,Dis:86.0926513671875
Epoch:1,Train_loss:0.7326827843983968,Train_acc:0.545,Dis:0.06476254016160965
Epoch:2,Train_loss:0.7143628795941671,Train_acc:0.52625,Dis:0.05886846035718918
Epoch:3,Train_loss:0.700448234875997,Train_acc:0.5275,Dis:0.06462517380714417
Epoch:4,Train_loss:0.684647003809611,Train_acc:0.538125,Dis:0.06479184329509735
Epoch:5,Train_loss:0.6737859944502512,Train_acc:0.544375,Dis:0.06917894631624222
Epoch:6,Train_loss:0.6562457382678986,Train_acc:0.54625,Dis:0.07143009454011917
best_acc:0.56125 average_time:8.68641195978437test_loss:0.6637800534566244, test_acc:0.5175