Epoch:0,Train_loss:0.7872615456581116,Train_acc:0.61,Dis:53.26667785644531
Epoch:1,Train_loss:0.781467854976654,Train_acc:0.60375,Dis:0.10617103427648544
Epoch:2,Train_loss:0.7701400816440582,Train_acc:0.5925,Dis:0.09115572273731232
Epoch:3,Train_loss:0.7615878482659658,Train_acc:0.585,Dis:0.09083625674247742
Epoch:4,Train_loss:0.7523591915766398,Train_acc:0.575625,Dis:0.09683889895677567
Epoch:5,Train_loss:0.7410788238048553,Train_acc:0.57,Dis:0.10207235813140869
Epoch:6,Train_loss:0.7332958082358042,Train_acc:0.56125,Dis:0.10325483977794647
best_acc:0.61 average_time:9.572705030441284test_loss:0.7370596726735433, test_acc:0.5225