Epoch:0,Train_loss:0.8086667160193125,Train_acc:0.5025,Dis:88.17377471923828
Epoch:1,Train_loss:0.808545341094335,Train_acc:0.5025,Dis:0.029499975964426994
Epoch:2,Train_loss:0.8088726997375488,Train_acc:0.5025,Dis:0.02108142524957657
Epoch:3,Train_loss:0.8086978793144226,Train_acc:0.5025,Dis:0.02105102874338627
Epoch:4,Train_loss:0.8086030582586924,Train_acc:0.5025,Dis:0.023760508745908737
Epoch:5,Train_loss:0.8086718122164408,Train_acc:0.5025,Dis:0.026651619002223015
Epoch:6,Train_loss:0.8085628747940063,Train_acc:0.5025,Dis:0.028029998764395714
best_acc:0.5025 average_time:9.564813784190587test_loss:0.8089260359605154, test_acc:0.49