Epoch:0,Train_loss:0.733298788468043,Train_acc:0.568125,Dis:73.67164611816406
Epoch:1,Train_loss:0.7135154704252878,Train_acc:0.548125,Dis:0.09299030900001526
Epoch:2,Train_loss:0.691641092300415,Train_acc:0.52625,Dis:0.08697757869958878
Epoch:3,Train_loss:0.6768509844938914,Train_acc:0.5325,Dis:0.0944414734840393
Epoch:4,Train_loss:0.6590034464995066,Train_acc:0.550625,Dis:0.09677190333604813
Epoch:5,Train_loss:0.6457792023817698,Train_acc:0.558125,Dis:0.10762154310941696
Epoch:6,Train_loss:0.6239742636680603,Train_acc:0.558125,Dis:0.11608634889125824
best_acc:0.568125 average_time:8.70408592905317test_loss:0.6341116925080618, test_acc:0.5225