Epoch:0,Train_loss:0.7565390964349111,Train_acc:0.60625,Dis:35.970088958740234
Epoch:1,Train_loss:0.7380958994229635,Train_acc:0.581875,Dis:0.17868612706661224
Epoch:2,Train_loss:0.7170219918092092,Train_acc:0.554375,Dis:0.14001674950122833
Epoch:3,Train_loss:0.7007478475570679,Train_acc:0.54625,Dis:0.1379283368587494
Epoch:4,Train_loss:0.6828524271647135,Train_acc:0.53875,Dis:0.13433843851089478
Epoch:5,Train_loss:0.6693767209847769,Train_acc:0.54,Dis:0.14072737097740173
Epoch:6,Train_loss:0.64996204773585,Train_acc:0.55,Dis:0.15980051457881927
best_acc:0.60625 average_time:3.3236937522888184test_loss:0.6584426959355673, test_acc:0.515