Epoch:0,Train_loss:0.8086666961510977,Train_acc:0.5025,Dis:75.43427276611328
Epoch:1,Train_loss:0.8085455993811289,Train_acc:0.5025,Dis:0.049887966364622116
Epoch:2,Train_loss:0.8088701566060384,Train_acc:0.5025,Dis:0.04010975360870361
Epoch:3,Train_loss:0.8086967567602793,Train_acc:0.5025,Dis:0.041948430240154266
Epoch:4,Train_loss:0.8086036940415701,Train_acc:0.5025,Dis:0.04766535013914108
Epoch:5,Train_loss:0.808669775724411,Train_acc:0.5025,Dis:0.05310565233230591
Epoch:6,Train_loss:0.8085662325223287,Train_acc:0.5025,Dis:0.05474032461643219
best_acc:0.5025 average_time:9.56706190109253test_loss:0.8089076578617096, test_acc:0.49