Epoch:0,Train_loss:0.808727353811264,Train_acc:0.5025,Dis:88.2048568725586
Epoch:1,Train_loss:0.8086368143558502,Train_acc:0.5025,Dis:0.03247437626123428
Epoch:2,Train_loss:0.8086361289024353,Train_acc:0.5025,Dis:0.020111920312047005
Epoch:3,Train_loss:0.8086036443710327,Train_acc:0.5025,Dis:0.020370526239275932
Epoch:4,Train_loss:0.8087345957756042,Train_acc:0.5025,Dis:0.022664520889520645
Epoch:5,Train_loss:0.8087740540504456,Train_acc:0.5025,Dis:0.025587063282728195
Epoch:6,Train_loss:0.8087426920731863,Train_acc:0.5025,Dis:0.027597296983003616
best_acc:0.5025 average_time:25.987848860876902test_loss:0.8084839383761088, test_acc:0.49