epoch:0 train_loss:0.3248688717550684 valid_loss:17.25107192993164 dis:87.47280883789062
epoch:100 train_loss:0.300942563482767 valid_loss:17.329076766967773 dis:14.446090698242188
epoch:200 train_loss:0.23323276657272607 valid_loss:17.868268966674805 dis:34.34450149536133
epoch:300 train_loss:0.18505838238142922 valid_loss:19.12981605529785 dis:21.768718719482422
epoch:400 train_loss:0.15733440917888672 valid_loss:20.37384796142578 dis:7.603553771972656
epoch:500 train_loss:0.14807783019610204 valid_loss:21.352951049804688 dis:2.8797473907470703
epoch:600 train_loss:0.14140018086555048 valid_loss:20.490787506103516 dis:1.8495770692825317
best_valid_loss:17.25107192993164 average_time:1.8478808403015137