Epoch:0,Train_loss:0.8087272047996521,Train_acc:0.5025,Dis:75.47470092773438
Epoch:1,Train_loss:0.8086248934268951,Train_acc:0.5025,Dis:0.054298266768455505
Epoch:2,Train_loss:0.808557391166687,Train_acc:0.5025,Dis:0.03825146332383156
Epoch:3,Train_loss:0.8083996375401815,Train_acc:0.5025,Dis:0.04085418954491615
Epoch:4,Train_loss:0.8083473742008209,Train_acc:0.5025,Dis:0.04528205096721649
Epoch:5,Train_loss:0.8082433541615804,Train_acc:0.5025,Dis:0.05132358521223068
Epoch:6,Train_loss:0.8079668382803599,Train_acc:0.5025,Dis:0.05517344921827316
best_acc:0.5025 average_time:13.711240019117083test_loss:0.8078056375185648, test_acc:0.49